{
  "advancedEditorSelectedIdentifier" : "ProjectBrowser",
  "openSceneRelativePaths" : [
    "Scene.usda",
    "PlanetTravel.usda"
  ],
  "recentIdentifiers" : {
    "26DBAE76-5DD8-47B6-A085-1B4ADA111097" : [

    ],
    "778372D2-2550-4840-A066-EECE514681A0" : [

    ]
  },
  "sceneCameraHistory" : {
    "26DBAE76-5DD8-47B6-A085-1B4ADA111097" : [
      {
        "date" : 769387384.816536,
        "title" : "Untitled",
        "transform" : [
          -0.9999846,
          2.133596e-09,
          0.0055408655,
          0,
          0.0035912688,
          0.7615143,
          0.6481381,
          0,
          -0.004219599,
          0.64814806,
          -0.7615027,
          0,
          0.060797174,
          3.3292596,
          -3.8212175,
          1
        ]
      },
      {
        "date" : 769387376.530725,
        "title" : "Untitled",
        "transform" : [
          -0.99976575,
          2.1496875e-09,
          0.021645818,
          0,
          0.009717212,
          0.89357185,
          0.44881505,
          0,
          -0.019342244,
          0.44892022,
          -0.8933625,
          0,
          -0.015493901,
          2.3274474,
          -4.502457,
          1
        ]
      },
      {
        "date" : 769387332.034554,
        "title" : "Untitled",
        "transform" : [
          -0.5091498,
          2.5556668e-09,
          0.86067796,
          0,
          0.43083134,
          0.8656949,
          0.25486618,
          0,
          -0.7450846,
          0.5005721,
          -0.44076824,
          0,
          -3.708613,
          2.5875516,
          -2.2891357,
          1
        ]
      },
      {
        "date" : 769387330.2211,
        "title" : "Untitled",
        "transform" : [
          -0.98447967,
          2.2291478e-11,
          -0.1754988,
          0,
          -0.072710186,
          0.9101377,
          0.40787572,
          0,
          0.15972795,
          0.41430584,
          -0.8960121,
          0,
          0.79418445,
          2.1595237,
          -4.5187526,
          1
        ]
      },
      {
        "date" : 769387320.698516,
        "title" : "Untitled",
        "transform" : [
          -0.98447967,
          2.2291478e-11,
          -0.1754988,
          0,
          -0.072710186,
          0.9101377,
          0.40787572,
          0,
          0.15972795,
          0.41430584,
          -0.8960121,
          0,
          2.1157727,
          3.602253,
          -7.871329,
          1
        ]
      },
      {
        "date" : 769387316.132907,
        "title" : "Untitled",
        "transform" : [
          -0.99853325,
          2.1222024e-11,
          0.054141995,
          0,
          0.022331439,
          0.9109753,
          0.4118557,
          0,
          -0.04932214,
          0.41246068,
          -0.9096392,
          0,
          0.26044455,
          3.5857904,
          -8.153822,
          1
        ]
      },
      {
        "date" : 769387289.199237,
        "title" : "Untitled",
        "transform" : [
          0.992179,
          5.298304e-10,
          -0.12482307,
          0,
          -0.051654723,
          0.9103572,
          -0.4105869,
          0,
          0.11363371,
          0.41382337,
          0.9032372,
          0,
          0.31782162,
          3.597949,
          8.146428,
          1
        ]
      },
      {
        "date" : 769387281.832488,
        "title" : "Untitled",
        "transform" : [
          0.992179,
          5.298304e-10,
          -0.12482307,
          0,
          -0.051654723,
          0.9103572,
          -0.4105869,
          0,
          0.11363371,
          0.41382337,
          0.9032372,
          0,
          0.17936265,
          4.280573,
          7.8510995,
          1
        ]
      },
      {
        "date" : 769387276.065679,
        "title" : "Untitled",
        "transform" : [
          0.992179,
          5.298304e-10,
          -0.12482307,
          0,
          -0.051654723,
          0.9103572,
          -0.4105869,
          0,
          0.11363371,
          0.41382337,
          0.9032372,
          0,
          1.3432684,
          4.2369165,
          7.724672,
          1
        ]
      },
      {
        "date" : 769368121.760094,
        "title" : "Untitled",
        "transform" : [
          0.992179,
          5.298304e-10,
          -0.12482307,
          0,
          -0.051654723,
          0.9103572,
          -0.4105869,
          0,
          0.11363371,
          0.41382337,
          0.9032372,
          0,
          0.17060822,
          2.3143883,
          8.753022,
          1
        ]
      }
    ],
    "778372D2-2550-4840-A066-EECE514681A0" : [
      {
        "date" : 769966547.473745,
        "title" : "Untitled",
        "transform" : [
          0.880493,
          4.554259e-09,
          -0.47405916,
          0,
          -0.20972766,
          0.89681375,
          -0.38953727,
          0,
          0.42514282,
          0.44240814,
          0.7896382,
          0,
          3.4596367,
          4.482753,
          7.425233,
          1
        ]
      },
      {
        "date" : 769966124.481633,
        "title" : "Untitled",
        "transform" : [
          0.880493,
          4.554259e-09,
          -0.47405916,
          0,
          -0.20972766,
          0.89681375,
          -0.38953727,
          0,
          0.42514282,
          0.44240814,
          0.7896382,
          0,
          2.0159178,
          2.612084,
          4.3266563,
          1
        ]
      },
      {
        "date" : 769395222.099659,
        "title" : "Untitled",
        "transform" : [
          0.880493,
          4.554259e-09,
          -0.47405916,
          0,
          -0.20972766,
          0.89681375,
          -0.38953727,
          0,
          0.42514282,
          0.44240814,
          0.7896382,
          0,
          1.3789062,
          2.195404,
          4.903076,
          1
        ]
      },
      {
        "date" : 769395220.207341,
        "title" : "Untitled",
        "transform" : [
          0.88049304,
          9.820854e-09,
          -0.47405916,
          0,
          -0.20972762,
          0.8968139,
          -0.38953736,
          0,
          0.4251427,
          0.44240817,
          0.78963834,
          0,
          20362.594,
          323.34967,
          -1034.7188,
          1
        ]
      },
      {
        "date" : 769395209.240671,
        "title" : "Untitled",
        "transform" : [
          0.92417675,
          9.775095e-09,
          -0.38196486,
          0,
          -0.16838914,
          0.8975809,
          -0.40742326,
          0,
          0.34284434,
          0.4408499,
          0.82952356,
          0,
          2.869198,
          2.3055928,
          4.8488913,
          1
        ]
      },
      {
        "date" : 769394665.309139,
        "title" : "Untitled",
        "transform" : [
          0.5118272,
          1.3177809e-08,
          0.8590885,
          0,
          0.85667616,
          0.07488686,
          -0.5103901,
          0,
          -0.064334296,
          0.9971921,
          0.03832885,
          0,
          -16.000525,
          126.87503,
          23.765862,
          1
        ]
      },
      {
        "date" : 769394081.813141,
        "title" : "Untitled",
        "transform" : [
          0.2664463,
          1.3134379e-08,
          0.9638498,
          0,
          0.9632626,
          0.03489981,
          -0.2662841,
          0,
          -0.03363796,
          0.99939084,
          0.009298696,
          0,
          -15.448159,
          127.78264,
          16.956564,
          1
        ]
      },
      {
        "date" : 769394062.664429,
        "title" : "Untitled",
        "transform" : [
          0.23520179,
          1.313438e-08,
          0.9719466,
          0,
          0.9713545,
          0.034899868,
          -0.23505864,
          0,
          -0.033920586,
          0.99939084,
          0.008208291,
          0,
          -15.98735,
          127.78264,
          16.449184,
          1
        ]
      },
      {
        "date" : 769394037.929698,
        "title" : "Untitled",
        "transform" : [
          0.23520179,
          1.313438e-08,
          0.9719466,
          0,
          0.9713545,
          0.034899868,
          -0.23505864,
          0,
          -0.033920586,
          0.99939084,
          0.008208291,
          0,
          16.525887,
          128.95963,
          7.5079384,
          1
        ]
      },
      {
        "date" : 769394017.861806,
        "title" : "Untitled",
        "transform" : [
          0.23520179,
          1.313438e-08,
          0.9719466,
          0,
          0.9713545,
          0.034899868,
          -0.23505864,
          0,
          -0.033920586,
          0.99939084,
          0.008208291,
          0,
          34.170845,
          129.49373,
          15.397083,
          1
        ]
      }
    ],
    "9FDCB02F-D6C6-48C8-9500-145F27F2639C" : [
      {
        "date" : 769387597.351994,
        "title" : "Untitled",
        "transform" : [
          -0.4496412,
          6.7478734e-09,
          0.8932092,
          0,
          0.28708935,
          0.94693893,
          0.14452067,
          0,
          -0.84581465,
          0.32141337,
          -0.42578277,
          0,
          -13.047842,
          4.9475064,
          8.174734,
          1
        ]
      },
      {
        "date" : 769387559.015168,
        "title" : "Untitled",
        "transform" : [
          -0.9999946,
          6.5677255e-12,
          -0.003283421,
          0,
          -0.00031195377,
          0.99547654,
          0.09500824,
          0,
          0.0032685688,
          0.09500875,
          -0.995471,
          0,
          0.022078738,
          1.4624649,
          -0.59446526,
          1
        ]
      },
      {
        "date" : 769387543.901759,
        "title" : "Untitled",
        "transform" : [
          -0.99998504,
          7.2167133e-12,
          0.0054635545,
          0,
          0.00057213125,
          0.99450207,
          0.104716204,
          0,
          -0.005433516,
          0.10471776,
          -0.9944871,
          0,
          -0.11187095,
          1.611914,
          -0.57931995,
          1
        ]
      },
      {
        "date" : 769387519.163183,
        "title" : "Untitled",
        "transform" : [
          -0.99998957,
          3.9078567e-12,
          0.0045664366,
          0,
          0.0003636534,
          0.996824,
          0.079635315,
          0,
          -0.0045519336,
          0.07963614,
          -0.9968136,
          0,
          -0.09830095,
          1.2258343,
          -0.6151323,
          1
        ]
      },
      {
        "date" : 769387508.779287,
        "title" : "Untitled",
        "transform" : [
          -0.9996149,
          5.4308344e-09,
          0.027752278,
          0,
          0.013866561,
          0.8662247,
          0.49946228,
          0,
          -0.024039706,
          0.49965474,
          -0.86589104,
          0,
          -0.3386762,
          7.61999,
          -10.617504,
          1
        ]
      },
      {
        "date" : 769387506.128214,
        "title" : "Untitled",
        "transform" : [
          -0.9996148,
          1.4408871e-09,
          0.02775227,
          0,
          0.010201611,
          0.929986,
          0.36745355,
          0,
          -0.025809234,
          0.367595,
          -0.9296278,
          0,
          -0.07744837,
          1.1030817,
          -2.789629,
          1
        ]
      },
      {
        "date" : 769387501.747234,
        "title" : "Untitled",
        "transform" : [
          -0.9996148,
          1.4129269e-09,
          0.02775227,
          0,
          0.014367715,
          0.8555545,
          0.5175134,
          0,
          -0.023743594,
          0.51771265,
          -0.855225,
          0,
          -0.057708416,
          1.2582946,
          -2.0786116,
          1
        ]
      },
      {
        "date" : 769387497.26719,
        "title" : "Untitled",
        "transform" : [
          -0.99984926,
          1.2249329e-09,
          0.017363217,
          0,
          0.0057093576,
          0.9443931,
          0.32876897,
          0,
          -0.016397716,
          0.32881847,
          -0.94425076,
          0,
          -0.05985334,
          1.2002226,
          -3.4466152,
          1
        ]
      },
      {
        "date" : 769387495.947633,
        "title" : "Untitled",
        "transform" : [
          -0.99984926,
          1.2249329e-09,
          0.017363217,
          0,
          0.0057093576,
          0.9443931,
          0.32876897,
          0,
          -0.016397716,
          0.32881847,
          -0.94425076,
          0,
          -0.029414056,
          0.58983195,
          -1.693789,
          1
        ]
      },
      {
        "date" : 769387492.505516,
        "title" : "Untitled",
        "transform" : [
          -0.9930909,
          1.2902728e-09,
          0.11734727,
          0,
          0.045007817,
          0.9235227,
          0.38089377,
          0,
          -0.10837289,
          0.3835437,
          -0.9171421,
          0,
          -0.19406761,
          0.68682706,
          -1.6423627,
          1
        ]
      }
    ]
  },
  "sceneViewportBackgroundColors" : {

  },
  "selectedSceneRelativePath" : "PlanetTravel.usda"
}