{
  "advancedEditorSelectedIdentifier" : "ProjectBrowser",
  "openSceneRelativePaths" : [
    "Scene.usda"
  ],
  "recentIdentifiers" : {
    "26DBAE76-5DD8-47B6-A085-1B4ADA111097" : [

    ]
  },
  "sceneCameraHistory" : {
    "26DBAE76-5DD8-47B6-A085-1B4ADA111097" : [
      {
        "date" : 769368121.760094,
        "title" : "Untitled",
        "transform" : [
          0.992179,
          5.298304e-10,
          -0.12482307,
          0,
          -0.051654723,
          0.9103572,
          -0.4105869,
          0,
          0.11363371,
          0.41382337,
          0.9032372,
          0,
          0.17060822,
          2.3143883,
          8.753022,
          1
        ]
      },
      {
        "date" : 769367667.938768,
        "title" : "Untitled",
        "transform" : [
          0.992179,
          5.298304e-10,
          -0.12482307,
          0,
          -0.051654723,
          0.9103572,
          -0.4105869,
          0,
          0.11363371,
          0.41382337,
          0.9032372,
          0,
          0.25134724,
          1.8467441,
          8.957119,
          1
        ]
      },
      {
        "date" : 769367657.136971,
        "title" : "Untitled",
        "transform" : [
          0.992179,
          5.298304e-10,
          -0.12482307,
          0,
          -0.051654723,
          0.9103572,
          -0.4105869,
          0,
          0.11363371,
          0.41382337,
          0.9032372,
          0,
          0.38333732,
          2.4313407,
          8.672681,
          1
        ]
      },
      {
        "date" : 769367647.660454,
        "title" : "Untitled",
        "transform" : [
          0.992179,
          5.298304e-10,
          -0.12482307,
          0,
          -0.051654723,
          0.9103572,
          -0.4105869,
          0,
          0.11363371,
          0.41382337,
          0.9032372,
          0,
          0.112195075,
          1.803596,
          8.994398,
          1
        ]
      },
      {
        "date" : 769367637.524328,
        "title" : "Untitled",
        "transform" : [
          0.992179,
          5.298304e-10,
          -0.12482307,
          0,
          -0.051654723,
          0.9103572,
          -0.4105869,
          0,
          0.11363371,
          0.41382337,
          0.9032372,
          0,
          0.784509,
          4.509885,
          7.669915,
          1
        ]
      },
      {
        "date" : 769367023.686593,
        "title" : "Untitled",
        "transform" : [
          0.992179,
          5.298304e-10,
          -0.12482307,
          0,
          -0.051654723,
          0.9103572,
          -0.4105869,
          0,
          0.11363371,
          0.41382337,
          0.9032372,
          0,
          0.84490037,
          5.0110145,
          8.260344,
          1
        ]
      },
      {
        "date" : 769367021.0701,
        "title" : "Untitled",
        "transform" : [
          0.992179,
          5.298304e-10,
          -0.12482307,
          0,
          -0.051654723,
          0.9103572,
          -0.4105869,
          0,
          0.11363371,
          0.41382337,
          0.9032372,
          0,
          1.8602488,
          13.436413,
          18.187107,
          1
        ]
      },
      {
        "date" : 769367010.970051,
        "title" : "Untitled",
        "transform" : [
          0.992179,
          5.298304e-10,
          -0.12482307,
          0,
          -0.051654723,
          0.9103572,
          -0.4105869,
          0,
          0.11363371,
          0.41382337,
          0.9032372,
          0,
          -2.4868755,
          -10.911911,
          44.506737,
          1
        ]
      },
      {
        "date" : 769367008.703557,
        "title" : "Untitled",
        "transform" : [
          0.992179,
          5.298304e-10,
          -0.12482307,
          0,
          -0.051654723,
          0.9103572,
          -0.4105869,
          0,
          0.11363371,
          0.41382337,
          0.9032372,
          0,
          -2.42934,
          -10.702379,
          44.964073,
          1
        ]
      },
      {
        "date" : 769367003.625278,
        "title" : "Untitled",
        "transform" : [
          0.992179,
          5.298304e-10,
          -0.12482307,
          0,
          -0.051654723,
          0.9103572,
          -0.4105869,
          0,
          0.11363371,
          0.41382337,
          0.9032372,
          0,
          -2.5160003,
          -11.017976,
          44.27523,
          1
        ]
      }
    ]
  },
  "sceneViewportBackgroundColors" : {

  }
}