{
  "advancedEditorSelectedIdentifier" : "ProjectBrowser",
  "openSceneRelativePaths" : [
    "Scene.usda",
    "PlanetTravel.usda"
  ],
  "recentIdentifiers" : {
    "26DBAE76-5DD8-47B6-A085-1B4ADA111097" : [

    ],
    "778372D2-2550-4840-A066-EECE514681A0" : [

    ]
  },
  "sceneCameraHistory" : {
    "26DBAE76-5DD8-47B6-A085-1B4ADA111097" : [
      {
        "date" : 769387384.816536,
        "title" : "Untitled",
        "transform" : [
          -0.9999846,
          2.133596e-09,
          0.0055408655,
          0,
          0.0035912688,
          0.7615143,
          0.6481381,
          0,
          -0.004219599,
          0.64814806,
          -0.7615027,
          0,
          0.060797174,
          3.3292596,
          -3.8212175,
          1
        ]
      },
      {
        "date" : 769387376.530725,
        "title" : "Untitled",
        "transform" : [
          -0.99976575,
          2.1496875e-09,
          0.021645818,
          0,
          0.009717212,
          0.89357185,
          0.44881505,
          0,
          -0.019342244,
          0.44892022,
          -0.8933625,
          0,
          -0.015493901,
          2.3274474,
          -4.502457,
          1
        ]
      },
      {
        "date" : 769387332.034554,
        "title" : "Untitled",
        "transform" : [
          -0.5091498,
          2.5556668e-09,
          0.86067796,
          0,
          0.43083134,
          0.8656949,
          0.25486618,
          0,
          -0.7450846,
          0.5005721,
          -0.44076824,
          0,
          -3.708613,
          2.5875516,
          -2.2891357,
          1
        ]
      },
      {
        "date" : 769387330.2211,
        "title" : "Untitled",
        "transform" : [
          -0.98447967,
          2.2291478e-11,
          -0.1754988,
          0,
          -0.072710186,
          0.9101377,
          0.40787572,
          0,
          0.15972795,
          0.41430584,
          -0.8960121,
          0,
          0.79418445,
          2.1595237,
          -4.5187526,
          1
        ]
      },
      {
        "date" : 769387320.698516,
        "title" : "Untitled",
        "transform" : [
          -0.98447967,
          2.2291478e-11,
          -0.1754988,
          0,
          -0.072710186,
          0.9101377,
          0.40787572,
          0,
          0.15972795,
          0.41430584,
          -0.8960121,
          0,
          2.1157727,
          3.602253,
          -7.871329,
          1
        ]
      },
      {
        "date" : 769387316.132907,
        "title" : "Untitled",
        "transform" : [
          -0.99853325,
          2.1222024e-11,
          0.054141995,
          0,
          0.022331439,
          0.9109753,
          0.4118557,
          0,
          -0.04932214,
          0.41246068,
          -0.9096392,
          0,
          0.26044455,
          3.5857904,
          -8.153822,
          1
        ]
      },
      {
        "date" : 769387289.199237,
        "title" : "Untitled",
        "transform" : [
          0.992179,
          5.298304e-10,
          -0.12482307,
          0,
          -0.051654723,
          0.9103572,
          -0.4105869,
          0,
          0.11363371,
          0.41382337,
          0.9032372,
          0,
          0.31782162,
          3.597949,
          8.146428,
          1
        ]
      },
      {
        "date" : 769387281.832488,
        "title" : "Untitled",
        "transform" : [
          0.992179,
          5.298304e-10,
          -0.12482307,
          0,
          -0.051654723,
          0.9103572,
          -0.4105869,
          0,
          0.11363371,
          0.41382337,
          0.9032372,
          0,
          0.17936265,
          4.280573,
          7.8510995,
          1
        ]
      },
      {
        "date" : 769387276.065679,
        "title" : "Untitled",
        "transform" : [
          0.992179,
          5.298304e-10,
          -0.12482307,
          0,
          -0.051654723,
          0.9103572,
          -0.4105869,
          0,
          0.11363371,
          0.41382337,
          0.9032372,
          0,
          1.3432684,
          4.2369165,
          7.724672,
          1
        ]
      },
      {
        "date" : 769368121.760094,
        "title" : "Untitled",
        "transform" : [
          0.992179,
          5.298304e-10,
          -0.12482307,
          0,
          -0.051654723,
          0.9103572,
          -0.4105869,
          0,
          0.11363371,
          0.41382337,
          0.9032372,
          0,
          0.17060822,
          2.3143883,
          8.753022,
          1
        ]
      }
    ],
    "778372D2-2550-4840-A066-EECE514681A0" : [
      {
        "date" : 770146533.725798,
        "title" : "Untitled",
        "transform" : [
          -0.8104224,
          -1.7012127e-08,
          -0.5858458,
          0,
          -0.54534495,
          0.3653563,
          0.75439626,
          0,
          0.21404243,
          0.9308678,
          -0.2960928,
          0,
          2.7724621,
          9.469051,
          -6.8514175,
          1
        ]
      },
      {
        "date" : 770146530.608428,
        "title" : "Untitled",
        "transform" : [
          -0.49918804,
          -1.0367085e-08,
          -0.86649364,
          0,
          -0.8659658,
          0.034899678,
          0.49888408,
          0,
          0.03024025,
          0.9993908,
          -0.017421369,
          0,
          14.352104,
          25.499,
          9.125816,
          1
        ]
      },
      {
        "date" : 770146515.882735,
        "title" : "Untitled",
        "transform" : [
          -0.82189053,
          -9.249865e-09,
          -0.56964546,
          0,
          -0.55365217,
          0.23529409,
          0.7988154,
          0,
          0.13403417,
          0.97192425,
          -0.19338581,
          0,
          -2.297476,
          16.648499,
          -1.4934883,
          1
        ]
      },
      {
        "date" : 770146499.633901,
        "title" : "Untitled",
        "transform" : [
          -0.8250294,
          -7.2240542e-09,
          -0.5650898,
          0,
          -0.5349768,
          0.32208377,
          0.7810646,
          0,
          0.18200622,
          0.9467112,
          -0.2657284,
          0,
          -0.11618577,
          11.992611,
          -5.1611557,
          1
        ]
      },
      {
        "date" : 770146492.225861,
        "title" : "Untitled",
        "transform" : [
          -0.86065173,
          -9.1544035e-09,
          -0.509194,
          0,
          -0.46666676,
          0.40007722,
          0.7887715,
          0,
          0.20371687,
          0.91648144,
          -0.34432697,
          0,
          -2.528435,
          7.340786,
          -8.228729,
          1
        ]
      },
      {
        "date" : 770146479.042009,
        "title" : "Untitled",
        "transform" : [
          -0.85780233,
          -7.643477e-09,
          -0.5139796,
          0,
          -0.50848395,
          0.14584196,
          0.84863067,
          0,
          0.07495978,
          0.9893079,
          -0.12510343,
          0,
          -8.885407,
          20.915707,
          3.0019455,
          1
        ]
      },
      {
        "date" : 770146469.627233,
        "title" : "Untitled",
        "transform" : [
          -0.8453519,
          -9.458587e-09,
          -0.53421,
          0,
          -0.49796897,
          0.362047,
          0.788003,
          0,
          0.19340912,
          0.9321599,
          -0.30605698,
          0,
          -1.4830256,
          9.667012,
          -6.7604265,
          1
        ]
      },
      {
        "date" : 770146456.964441,
        "title" : "Untitled",
        "transform" : [
          0.37523818,
          -7.155104e-09,
          -0.92692834,
          0,
          -0.80759495,
          0.49082312,
          -0.3269297,
          0,
          0.45495772,
          0.8712592,
          0.18417563,
          0,
          1.2293816,
          9.035438,
          -1.6764251,
          1
        ]
      },
      {
        "date" : 770146325.738171,
        "title" : "Untitled",
        "transform" : [
          0.78781307,
          -7.95432e-09,
          -0.61591434,
          0,
          -0.3274961,
          0.8469182,
          -0.41889846,
          0,
          0.521629,
          0.5317233,
          0.6672132,
          0,
          1.9207802,
          5.514242,
          3.3329535,
          1
        ]
      },
      {
        "date" : 770146318.330625,
        "title" : "Untitled",
        "transform" : [
          0.77830493,
          -6.5666947e-09,
          -0.6278865,
          0,
          -0.36345452,
          0.8154314,
          -0.45052466,
          0,
          0.51199824,
          0.5788538,
          0.6346543,
          0,
          1.8037217,
          6.003027,
          3.00915,
          1
        ]
      }
    ],
    "9FDCB02F-D6C6-48C8-9500-145F27F2639C" : [
      {
        "date" : 769387597.351994,
        "title" : "Untitled",
        "transform" : [
          -0.4496412,
          6.7478734e-09,
          0.8932092,
          0,
          0.28708935,
          0.94693893,
          0.14452067,
          0,
          -0.84581465,
          0.32141337,
          -0.42578277,
          0,
          -13.047842,
          4.9475064,
          8.174734,
          1
        ]
      },
      {
        "date" : 769387559.015168,
        "title" : "Untitled",
        "transform" : [
          -0.9999946,
          6.5677255e-12,
          -0.003283421,
          0,
          -0.00031195377,
          0.99547654,
          0.09500824,
          0,
          0.0032685688,
          0.09500875,
          -0.995471,
          0,
          0.022078738,
          1.4624649,
          -0.59446526,
          1
        ]
      },
      {
        "date" : 769387543.901759,
        "title" : "Untitled",
        "transform" : [
          -0.99998504,
          7.2167133e-12,
          0.0054635545,
          0,
          0.00057213125,
          0.99450207,
          0.104716204,
          0,
          -0.005433516,
          0.10471776,
          -0.9944871,
          0,
          -0.11187095,
          1.611914,
          -0.57931995,
          1
        ]
      },
      {
        "date" : 769387519.163183,
        "title" : "Untitled",
        "transform" : [
          -0.99998957,
          3.9078567e-12,
          0.0045664366,
          0,
          0.0003636534,
          0.996824,
          0.079635315,
          0,
          -0.0045519336,
          0.07963614,
          -0.9968136,
          0,
          -0.09830095,
          1.2258343,
          -0.6151323,
          1
        ]
      },
      {
        "date" : 769387508.779287,
        "title" : "Untitled",
        "transform" : [
          -0.9996149,
          5.4308344e-09,
          0.027752278,
          0,
          0.013866561,
          0.8662247,
          0.49946228,
          0,
          -0.024039706,
          0.49965474,
          -0.86589104,
          0,
          -0.3386762,
          7.61999,
          -10.617504,
          1
        ]
      },
      {
        "date" : 769387506.128214,
        "title" : "Untitled",
        "transform" : [
          -0.9996148,
          1.4408871e-09,
          0.02775227,
          0,
          0.010201611,
          0.929986,
          0.36745355,
          0,
          -0.025809234,
          0.367595,
          -0.9296278,
          0,
          -0.07744837,
          1.1030817,
          -2.789629,
          1
        ]
      },
      {
        "date" : 769387501.747234,
        "title" : "Untitled",
        "transform" : [
          -0.9996148,
          1.4129269e-09,
          0.02775227,
          0,
          0.014367715,
          0.8555545,
          0.5175134,
          0,
          -0.023743594,
          0.51771265,
          -0.855225,
          0,
          -0.057708416,
          1.2582946,
          -2.0786116,
          1
        ]
      },
      {
        "date" : 769387497.26719,
        "title" : "Untitled",
        "transform" : [
          -0.99984926,
          1.2249329e-09,
          0.017363217,
          0,
          0.0057093576,
          0.9443931,
          0.32876897,
          0,
          -0.016397716,
          0.32881847,
          -0.94425076,
          0,
          -0.05985334,
          1.2002226,
          -3.4466152,
          1
        ]
      },
      {
        "date" : 769387495.947633,
        "title" : "Untitled",
        "transform" : [
          -0.99984926,
          1.2249329e-09,
          0.017363217,
          0,
          0.0057093576,
          0.9443931,
          0.32876897,
          0,
          -0.016397716,
          0.32881847,
          -0.94425076,
          0,
          -0.029414056,
          0.58983195,
          -1.693789,
          1
        ]
      },
      {
        "date" : 769387492.505516,
        "title" : "Untitled",
        "transform" : [
          -0.9930909,
          1.2902728e-09,
          0.11734727,
          0,
          0.045007817,
          0.9235227,
          0.38089377,
          0,
          -0.10837289,
          0.3835437,
          -0.9171421,
          0,
          -0.19406761,
          0.68682706,
          -1.6423627,
          1
        ]
      }
    ]
  },
  "sceneViewportBackgroundColors" : {

  },
  "selectedSceneRelativePath" : "PlanetTravel.usda"
}