{
  "advancedEditorSelectedIdentifier" : "ProjectBrowser",
  "openSceneRelativePaths" : [
    "PlanetTravel.usda",
    "Untitled Scene.usda"
  ],
  "recentIdentifiers" : {

  },
  "sceneCameraHistory" : {
    "778372D2-2550-4840-A066-EECE514681A0" : [
      {
        "date" : 769901318.46044,
        "title" : "Untitled",
        "transform" : [
          -0.09424656,
          -7.450052e-09,
          -0.99554884,
          0,
          -0.60229397,
          0.7962355,
          0.057017878,
          0,
          0.79269123,
          0.60498697,
          -0.0750425,
          0,
          13.855869,
          10.575386,
          -1.3114018,
          1
        ]
      },
      {
        "date" : 769900311.80601,
        "title" : "Untitled",
        "transform" : [
          -0.70540816,
          -1.8199886e-10,
          0.7088013,
          0,
          0.47377634,
          0.74378484,
          0.47150826,
          0,
          -0.5271957,
          0.6684192,
          -0.52467185,
          0,
          -9.21543,
          11.6840315,
          -9.171314,
          1
        ]
      },
      {
        "date" : 769900305.858579,
        "title" : "Untitled",
        "transform" : [
          1,
          0,
          0,
          0,
          0,
          0.7071069,
          -0.70710677,
          0,
          0,
          0.70710677,
          0.7071069,
          0,
          0,
          12.360293,
          12.360294,
          1
        ]
      },
      {
        "date" : 769900301.954677,
        "title" : "Untitled",
        "transform" : [
          1,
          0,
          0,
          0,
          0,
          0.7071069,
          -0.70710677,
          0,
          0,
          0.70710677,
          0.7071069,
          0,
          0,
          23.817091,
          23.817093,
          1
        ]
      }
    ],
    "9FDCB02F-D6C6-48C8-9500-145F27F2639C" : [
      {
        "date" : 770156682.171949,
        "title" : "Untitled",
        "transform" : [
          0.9982391,
          1.8854796e-09,
          0.05931919,
          0,
          0.0022242877,
          0.9992968,
          -0.03743094,
          0,
          -0.059277464,
          0.037496984,
          0.997537,
          0,
          0.0088933995,
          0.011715885,
          23.36267,
          1
        ]
      },
      {
        "date" : 770156674.176257,
        "title" : "Untitled",
        "transform" : [
          0.9982391,
          1.8854796e-09,
          0.05931919,
          0,
          0.0022242877,
          0.9992968,
          -0.03743094,
          0,
          -0.059277464,
          0.037496984,
          0.997537,
          0,
          -0.02662611,
          -0.0780468,
          23.363932,
          1
        ]
      },
      {
        "date" : 770156673.106351,
        "title" : "Untitled",
        "transform" : [
          0.9982391,
          1.8854796e-09,
          0.05931919,
          0,
          0.0022242877,
          0.9992968,
          -0.03743094,
          0,
          -0.059277464,
          0.037496984,
          0.997537,
          0,
          -0.026030779,
          0.19151115,
          23.353836,
          1
        ]
      },
      {
        "date" : 770156668.929764,
        "title" : "Untitled",
        "transform" : [
          0.9982391,
          1.8854796e-09,
          0.05931919,
          0,
          0.0022242877,
          0.9992968,
          -0.03743094,
          0,
          -0.059277464,
          0.037496984,
          0.997537,
          0,
          1.1270465,
          -0.11611557,
          23.433922,
          1
        ]
      },
      {
        "date" : 770156667.061462,
        "title" : "Untitled",
        "transform" : [
          0.9982391,
          1.8854796e-09,
          0.05931919,
          0,
          0.0022242877,
          0.9992968,
          -0.03743094,
          0,
          -0.059277464,
          0.037496984,
          0.997537,
          0,
          1.9077554,
          13.690077,
          39.666782,
          1
        ]
      },
      {
        "date" : 770156659.582727,
        "title" : "Untitled",
        "transform" : [
          0.9982391,
          1.8854796e-09,
          0.05931919,
          0,
          0.0022242877,
          0.9992968,
          -0.03743094,
          0,
          -0.059277464,
          0.037496984,
          0.997537,
          0,
          -0.22327232,
          3.0366077,
          40.764267,
          1
        ]
      },
      {
        "date" : 770156652.017239,
        "title" : "Untitled",
        "transform" : [
          0.998239,
          1.8854793e-09,
          0.059319183,
          0,
          0.0022242877,
          0.9992968,
          -0.03743094,
          0,
          -0.059277464,
          0.037496984,
          0.997537,
          0,
          -2.3903584,
          13.940919,
          40.22559,
          1
        ]
      },
      {
        "date" : 770156635.836072,
        "title" : "Untitled",
        "transform" : [
          1,
          0,
          0,
          0,
          0,
          0.7071069,
          -0.70710677,
          0,
          0,
          0.70710677,
          0.7071069,
          0,
          0,
          37.625908,
          20.061216,
          1
        ]
      },
      {
        "date" : 770156632.765769,
        "title" : "Untitled",
        "transform" : [
          1,
          0,
          0,
          0,
          0,
          0.7071069,
          -0.70710677,
          0,
          0,
          0.70710677,
          0.7071069,
          0,
          0,
          38.296436,
          20.392326,
          1
        ]
      },
      {
        "date" : 770156617.437049,
        "title" : "Untitled",
        "transform" : [
          1,
          0,
          0,
          0,
          0,
          0.7071069,
          -0.70710677,
          0,
          0,
          0.70710677,
          0.7071069,
          0,
          0,
          2.926551,
          2.9265516,
          1
        ]
      }
    ]
  },
  "sceneViewportBackgroundColors" : {

  },
  "selectedSceneRelativePath" : "Untitled Scene.usda"
}