{
  "advancedEditorSelectedIdentifier" : "ProjectBrowser",
  "openSceneRelativePaths" : [
    "PlanetTravel.usda",
    "RobotOnMars.usda",
    "Planet.usda"
  ],
  "recentIdentifiers" : {
    "9FDCB02F-D6C6-48C8-9500-145F27F2639C" : [

    ]
  },
  "sceneCameraHistory" : {
    "74BC4C8E-D14A-45EF-BDEA-6A2170F37E8A" : [
      {
        "date" : 770171862.418662,
        "title" : "Untitled",
        "transform" : [
          0.9989218,
          -7.6165874e-10,
          -0.04642453,
          0,
          -0.001496959,
          0.99947995,
          -0.032210186,
          0,
          0.046400398,
          0.03224495,
          0.9984024,
          0,
          -1.5602468,
          0.08288574,
          -23.43472,
          1
        ]
      },
      {
        "date" : 770171860.007961,
        "title" : "Untitled",
        "transform" : [
          0.9989218,
          -7.6165874e-10,
          -0.04642453,
          0,
          -0.001496959,
          0.99947995,
          -0.032210186,
          0,
          0.046400398,
          0.03224495,
          0.9984024,
          0,
          -1.560141,
          0.023162842,
          -23.432795,
          1
        ]
      },
      {
        "date" : 770171857.58221,
        "title" : "Untitled",
        "transform" : [
          0.9989218,
          -7.6165874e-10,
          -0.04642453,
          0,
          -0.001496959,
          0.99947995,
          -0.032210186,
          0,
          0.046400398,
          0.03224495,
          0.9984024,
          0,
          -1.56016,
          0.031707764,
          -23.43307,
          1
        ]
      },
      {
        "date" : 770171845.965695,
        "title" : "Untitled",
        "transform" : [
          0.9989218,
          -7.6165874e-10,
          -0.04642453,
          0,
          -0.001496959,
          0.99947995,
          -0.032210186,
          0,
          0.046400398,
          0.03224495,
          0.9984024,
          0,
          -1.662259,
          -0.03668213,
          -23.426117,
          1
        ]
      },
      {
        "date" : 770171844.10998,
        "title" : "Untitled",
        "transform" : [
          0.9989218,
          -7.6165874e-10,
          -0.04642453,
          0,
          -0.001496959,
          0.99947995,
          -0.032210186,
          0,
          0.046400398,
          0.03224495,
          0.9984024,
          0,
          -1.6198014,
          0.04852295,
          -23.430841,
          1
        ]
      },
      {
        "date" : 770171795.495109,
        "title" : "Untitled",
        "transform" : [
          0.9989218,
          -7.6165874e-10,
          -0.04642453,
          0,
          -0.001496959,
          0.99947995,
          -0.032210186,
          0,
          0.046400398,
          0.03224495,
          0.9984024,
          0,
          -1.8581823,
          -0.028129503,
          -23.417286,
          1
        ]
      },
      {
        "date" : 770171791.327715,
        "title" : "Untitled",
        "transform" : [
          0.9989812,
          -7.755364e-10,
          -0.045129493,
          0,
          -0.0022889804,
          0.99871296,
          -0.050668556,
          0,
          0.04507141,
          0.05072022,
          0.99769527,
          0,
          -1.8582686,
          -0.40908813,
          -23.405064,
          1
        ]
      },
      {
        "date" : 770171788.389287,
        "title" : "Untitled",
        "transform" : [
          0.9987483,
          -7.0968903e-10,
          -0.05001955,
          0,
          0.00050799554,
          0.99994844,
          0.010143268,
          0,
          0.05001697,
          -0.010155991,
          0.9986967,
          0,
          -0.43608177,
          -0.07473755,
          7.019658,
          1
        ]
      },
      {
        "date" : 770171779.567585,
        "title" : "Untitled",
        "transform" : [
          0.9999947,
          0,
          0.003265375,
          0,
          0.0023089687,
          0.7071069,
          -0.707103,
          0,
          -0.0023089692,
          0.70710677,
          0.70710313,
          0,
          -0.7617062,
          0.2525942,
          1.6437911,
          1
        ]
      },
      {
        "date" : 770171121.977104,
        "title" : "Untitled",
        "transform" : [
          1,
          0,
          0,
          0,
          0,
          0.7071069,
          -0.70710677,
          0,
          0,
          0.70710677,
          0.7071069,
          0,
          0,
          3.7259994,
          3.7259996,
          1
        ]
      }
    ],
    "778372D2-2550-4840-A066-EECE514681A0" : [
      {
        "date" : 769901318.46044,
        "title" : "Untitled",
        "transform" : [
          -0.09424656,
          -7.450052e-09,
          -0.99554884,
          0,
          -0.60229397,
          0.7962355,
          0.057017878,
          0,
          0.79269123,
          0.60498697,
          -0.0750425,
          0,
          13.855869,
          10.575386,
          -1.3114018,
          1
        ]
      },
      {
        "date" : 769900311.80601,
        "title" : "Untitled",
        "transform" : [
          -0.70540816,
          -1.8199886e-10,
          0.7088013,
          0,
          0.47377634,
          0.74378484,
          0.47150826,
          0,
          -0.5271957,
          0.6684192,
          -0.52467185,
          0,
          -9.21543,
          11.6840315,
          -9.171314,
          1
        ]
      },
      {
        "date" : 769900305.858579,
        "title" : "Untitled",
        "transform" : [
          1,
          0,
          0,
          0,
          0,
          0.7071069,
          -0.70710677,
          0,
          0,
          0.70710677,
          0.7071069,
          0,
          0,
          12.360293,
          12.360294,
          1
        ]
      },
      {
        "date" : 769900301.954677,
        "title" : "Untitled",
        "transform" : [
          1,
          0,
          0,
          0,
          0,
          0.7071069,
          -0.70710677,
          0,
          0,
          0.70710677,
          0.7071069,
          0,
          0,
          23.817091,
          23.817093,
          1
        ]
      }
    ],
    "9FDCB02F-D6C6-48C8-9500-145F27F2639C" : [
      {
        "date" : 770170321.599295,
        "title" : "Untitled",
        "transform" : [
          0.99960387,
          1.574224e-10,
          -0.028145574,
          0,
          -0.016850477,
          0.80098104,
          -0.59845257,
          0,
          0.02254405,
          0.5986898,
          0.8006637,
          0,
          -0.33112463,
          2.888337,
          7.2504416,
          1
        ]
      },
      {
        "date" : 770170317.551116,
        "title" : "Untitled",
        "transform" : [
          0.9999934,
          -4.954851e-10,
          0.0036512457,
          0,
          0.0036486813,
          0.03739901,
          -0.99929374,
          0,
          -0.00013657086,
          0.9993004,
          0.03739874,
          0,
          -0.3180107,
          6.625002,
          2.815208,
          1
        ]
      },
      {
        "date" : 770164542.843027,
        "title" : "Untitled",
        "transform" : [
          0.9999934,
          -4.954851e-10,
          0.0036512457,
          0,
          0.0036486818,
          0.037399013,
          -0.99929386,
          0,
          -0.00013657086,
          0.9993004,
          0.03739874,
          0,
          0.006575705,
          6.506531,
          5.9819484,
          1
        ]
      },
      {
        "date" : 770164509.889897,
        "title" : "Untitled",
        "transform" : [
          0.9664723,
          -4.958398e-10,
          -0.25677112,
          0,
          -0.25661469,
          0.03489958,
          -0.9658835,
          0,
          0.00896118,
          0.9993908,
          0.03372946,
          0,
          1.4160546,
          2.3787298,
          5.221877,
          1
        ]
      },
      {
        "date" : 770164465.38297,
        "title" : "Untitled",
        "transform" : [
          0.9664723,
          -4.958398e-10,
          -0.25677112,
          0,
          -0.25661469,
          0.03489958,
          -0.9658835,
          0,
          0.00896118,
          0.9993908,
          0.03372946,
          0,
          1.5151395,
          13.7407675,
          5.587265,
          1
        ]
      },
      {
        "date" : 770164461.50484,
        "title" : "Untitled",
        "transform" : [
          0.9664723,
          -4.958398e-10,
          -0.25677112,
          0,
          -0.25661469,
          0.03489958,
          -0.9658835,
          0,
          0.00896118,
          0.9993908,
          0.03372946,
          0,
          1.5353519,
          16.045174,
          5.6618004,
          1
        ]
      },
      {
        "date" : 770164458.607435,
        "title" : "Untitled",
        "transform" : [
          0.9664723,
          -4.958398e-10,
          -0.25677112,
          0,
          -0.25661469,
          0.03489958,
          -0.9658835,
          0,
          0.00896118,
          0.9993908,
          0.03372946,
          0,
          2.7623053,
          155.9299,
          10.186343,
          1
        ]
      },
      {
        "date" : 770164435.499375,
        "title" : "Untitled",
        "transform" : [
          0.8651465,
          1.8209377e-08,
          -0.50151914,
          0,
          -0.4724007,
          0.3357826,
          -0.8149157,
          0,
          0.16840138,
          0.9419396,
          0.29050115,
          0,
          -12.87297,
          5.6677284,
          42.8963,
          1
        ]
      },
      {
        "date" : 770164416.467816,
        "title" : "Untitled",
        "transform" : [
          0.92995256,
          9.446236e-09,
          -0.36767915,
          0,
          -0.29575485,
          0.594111,
          -0.74803805,
          0,
          0.21844226,
          0.80438286,
          0.55249524,
          0,
          58.302982,
          60.804688,
          149.67941,
          1
        ]
      },
      {
        "date" : 770164409.703001,
        "title" : "Untitled",
        "transform" : [
          0.7802401,
          1.9884338e-08,
          -0.62548,
          0,
          -0.625099,
          0.034899663,
          -0.77976483,
          0,
          0.021829048,
          0.9993908,
          0.027230166,
          0,
          14.131577,
          706.177,
          21.770721,
          1
        ]
      }
    ]
  },
  "sceneViewportBackgroundColors" : {

  },
  "selectedSceneRelativePath" : "Planet.usda"
}